# 5 Runtimes pro Fastprimzahl
# 100 Fastprimzahlen
# 500 Datenpunkte

1 190b 1247812482689696556951324141627353216593054881895114065739 17729111183580948932635660469 70382122925897392278815864831 32.8 32.37 32.55 34.55

2 190b 1145883009395475574187543909717608050648200711149877118331 18974447488587825181436506133 60390849856611978303601193807 34.16

3 190b 1157866308508141312797761274259002867356039213322253095797 75715192968673801664615436511 15292390643278077295679210027 34.56

4 190b 1267325676478380204801095921120881893127999313926403432209 71732754462116913537935104051 17667322075965630102187833259 33.51

5 190b 1124956933362236872889646487414352089278532621962261750131 15415602535808584852457943581 72975216554078741897141177551 30.09

6 190b 1227016783021493891897242601007016902328149605711656725257 78283445830016180777240805647 15674026226257652638773846631 31.15

7 190b 1296973083567087297658754800603698298731707837656542748943 71946223278732612294574325791 18026979380729690884364288273 30.18

8 190b 1133910876704816389759497753860316803681329042980123502723 60498780251790083563471239521 18742706414668011080630564963 34.76

9 190b 894324687435200096585898728009929095593549878617132412937

10 190b 1184414251761059339798560880739121208211696946880180605829
