607038803975437702127253158608815289109775717202746336397429
12776251507126293860166242439026858939980248332230345802013359
18478569908265943139113853096974594477055442850419400564815769
14514903981856634411456346566710329446428633187099238696041279
149630210526766144300623089919272806614836000046807044580323
9093512855369145999214741812212561726977130454719078459260897
24301976245461618207823516354210292068135230353761870132635311
82346340561202567152174301202946820334844786092810400122943283
38343762298943649525740538877097923026944350623246390780663097
24596279906539027944465334764741814665858782459350682831429957
61929324197990712303456187806849535910769129871284859622285971
18423453750664247437836620705192748653179822033814654800447597
6381381303989723809151104482344333897266428179339556352130221
31258417198592651756809926367108157960332273281216522760691677
32689233675370806424831274208642584274896163300582153627955289
22276594845207393484126761450236184463138114539424738430488159
16601026278917785617536918326406760858797634287623375775267603
1736649862773298958742940909832975503999468538404335537957343
42904208140447031065917970463044749742242802473481976396706773
7534346857658748466034159743844764787817125323405137707324677
549805855086611180544914824067854785721777560142361748112301
18925371887487720942779929674164394283807187554539607981389857
11473515520875380329463842137636015262266257356097068131468191
65808376440832223938970184320753946738146155146594438867125251
47806974993559568521932178021711004216908357778558241674235979
5275618313174446024218406073361426189545622212278297360166783
1573227669790384235758849009163764860640973395532165226554527
6173798571173683513244308196212275715156668732343112116308331
24381600650146547334046811143372845118285367179196848647917447
9275891612951270073220823390641357247522306623270307388360409
81502041824547152128453845073374143967607903708932419163927899
60207704643278717143339618736752864829377521208916538826876861
2816262302134661151644608050316515388206963882632232214626611
12145681267868330664986427083042650235161196671483824475459333
23756478556039632661099528659073084395397679635371741212321789
7203041945635728545867692928023917575414962314612788621112091
30791975442342142627813147247038509062261983264721375744844319
24667848356390674927953509587926614616713997370543290932977117
3527531703763743388297677206505469814505777611328388102352497
11112393563007690228476644271738194603544358830203168579963933
60001911727538577071304569315674586325874627162106495882652677
59913299575740074521388754758799580425703016711200752187932679
35378587534508346210361641230881436106145086434362028666657477
30082171893687773314867717997770346252807092778187226250857081
38697960190778772734293754707080009385011301758417415928237369
39194454474597735415359725583503018204977282972204440699504839
72407159837532904126552569172707833743187547872949737802257239
25086712676349776761995162325263737251518563099555167290088099
19633593185795032441322203882833540189064667051871185020880659
4771738146111280474330874005331808004254718935083539639234373
11743145136503963387803311688175534195923942007179607295315727
62127525281069486096027654418319470319808085177372425111204647
2963424920984829859714023864478507235090647144170663272178709
4926207407799884626816749795521090686213744382435066474860211
6243340122188888592774164252718680510582746460230490156636053
1427322923162770911171362130904036987076342288028260128948193
12234934182172089404690500104453626287865542620091632934038131
4403098953014804250083221238312562211108580179430561981726743
45548369192883663773198810012317670382570032389371974630481133
8381160343035185610147916776858298055250858828523513351443149
94957848015049051161513969605868063407654449702447192123892351
17032003204587157204305625392751258422613589552024460485626951
41167053264928829128023267438271626379510568957881273316407679
13813190833949727892530223759426361936301433661791077248380391
7650868517939173432784277593718633297255244522933549907040839
728612123319677911229539426092410496332339076050013430515281
1468412104148812483514754149754838231820582063965163470948747
4177244736146118025475752569191332170225322412826360437878091
11832697865948671903600350315735550406426399915452975806369803
68157796278817869109703215168936035354158810822856137725180781
1776419694252608749053727334364397878034953177371201334923
93368850171532709761101358193811626247050073892620930323332759
42421438925607775887420213127101715598467788245456030169913033
69350462343558037240524922561793242686923241493024808079113377
9571375105540530022332464138993264113606495471715878528908181
1668329417734023920970270602219978057892312385917890044126441
23493915152130244350213703622002646907030892337557151940753593
56994469583440365859602347815554220664663900828402106545580437
47321594978307203024497575115167464106493462092198557269490639
11520672050015932773931309068582859110460838012876589055610971
2035704468748309165883768755464614749821329054792007318315791
47628621235975575385999340259536876307175416942201382755035707
12253320320185450332700884232296175672969497453030124038238169
41289745899661872536084204426072368306708115307898140989044817
95546998425029028612813930729591804662943511814646594346238351
10817505554247592894082249862786922951089923191083557506132637
113845771658960836850677304409047202954395753189771595649117
2110168113696496871028407494353037694805568278964001808048101
24566642841687705554004489433686489506973766240717723749305177
2455104405003948613366332799855452519051611396029900120078043
7306321481210652954756933713871594815270680785978247978634299
36587841096417066403118298887941969930958157535434410853036037
3342503110868195430465543963684491345190289892477188421207093
28876218483281124563658867727226997336186962897661061510340101
23625856588369848857343537517676860966502732746369094279557717
40730656546337948294875591884047537155145685199886156278939631
38573735944273912582380090720314575147694142878656151118118079
7958165552087667268877320720682025706610858520979268558814791
42455186360007053597857508493521950286870731494404667436319759
24386442086273552960649106442615463152807351997148581587097157
