1 0
2 0
3 2
4 2
5 4
6 2
7 6
8 2
9 6
10 4
11 10
12 2
13 12
14 6
15 4
16 4
17 16
18 6
19 18
20 4
21 6
22 10
23 22
24 2
25 20
26 12
27 18
28 6
29 28
30 4
31 30
32 8
33 10
34 16
35 12
36 6
37 36
38 18
39 12
40 4
41 40
42 6
43 42
44 10
45 12
46 22
47 46
48 4
49 42
50 20
51 16
52 12
53 52
54 18
55 20
56 6
57 18
58 28
59 58
60 4
61 60
62 30
63 6
64 16
65 12
66 10
67 66
68 16
69 22
70 12
71 70
72 6
73 72
74 36
75 20
76 18
77 30
78 12
79 78
80 4
81 54
82 40
83 82
84 6
85 16
86 42
87 28
88 10
89 88
90 12
91 12
92 22
93 30
94 46
95 36
96 8
97 96
98 42
99 30
100 20
101 100
102 16
103 102
104 12
105 12
106 52
107 106
108 18
109 108
110 20
111 36
112 12
113 112
114 18
115 44
116 28
117 12
118 58
119 48
120 4
121 110
122 60
123 40
124 30
125 100
126 6
127 126
128 32
129 42
130 12
131 130
132 10
133 18
134 66
135 36
136 16
137 136
138 22
139 138
140 12
141 46
142 70
143 60
144 12
145 28
146 72
147 42
148 36
149 148
150 20
151 150
152 18
153 48
154 30
155 60
156 12
157 156
158 78
159 52
160 8
161 66
162 54
163 162
164 40
165 20
166 82
167 166
168 6
169 156
170 16
171 18
172 42
173 172
174 28
175 60
176 20
177 58
178 88
179 178
180 12
181 180
182 12
183 60
184 22
185 36
186 30
187 80
188 46
189 18
190 36
191 190
192 16
193 192
194 96
195 12
196 42
197 196
198 30
199 198
200 20
201 66
202 100
203 84
204 16
205 40
206 102
207 66
208 12
209 90
210 12
211 210
212 52
213 70
214 106
215 84
216 18
217 30
218 108
219 72
220 20
221 48
222 36
223 222
224 24
225 60
226 112
227 226
228 18
229 228
230 44
231 30
232 28
233 232
234 12
235 92
236 58
237 78
238 48
239 238
240 4
241 240
242 110
243 162
244 60
245 84
246 40
247 36
248 30
249 82
250 100
251 250
252 6
253 110
254 126
255 16
256 64
257 256
258 42
259 36
260 12
261 84
262 130
263 262
264 10
265 52
266 18
267 88
268 66
269 268
270 36
271 270
272 16
273 12
274 136
275 20
276 22
277 276
278 138
279 30
280 12
281 280
282 46
283 282
284 70
285 36
286 60
287 120
288 24
289 272
290 28
291 96
292 72
293 292
294 42
295 116
296 36
297 90
298 148
299 132
300 20
301 42
302 150
303 100
304 36
305 60
306 48
307 306
308 30
309 102
310 60
311 310
312 12
313 312
314 156
315 12
316 78
317 316
318 52
319 140
320 16
321 106
322 66
323 144
324 54
325 60
326 162
327 108
328 40
329 138
330 20
331 330
332 82
333 36
334 166
335 132
336 12
337 336
338 156
339 112
340 16
341 30
342 18
343 294
344 42
345 44
346 172
347 346
348 28
349 348
350 60
351 36
352 40
353 352
354 58
355 140
356 88
357 48
358 178
359 358
360 12
361 342
362 180
363 110
364 12
365 72
366 60
367 366
368 44
369 120
370 36
371 156
372 30
373 372
374 80
375 100
376 46
377 84
378 18
379 378
380 36
381 126
382 190
383 382
384 32
385 60
386 192
387 42
388 96
389 388
390 12
391 176
392 42
393 130
394 196
395 156
396 30
397 396
398 198
399 18
400 20
401 400
402 66
403 60
404 100
405 108
406 84
407 180
408 16
409 408
410 40
411 136
412 102
413 174
414 66
415 164
416 24
417 138
418 90
419 418
420 12
421 420
422 210
423 138
424 52
425 80
426 70
427 60
428 106
429 60
430 84
431 430
432 36
433 432
434 30
435 28
436 108
437 198
438 72
439 438
440 20
441 42
442 48
443 442
444 36
445 88
446 222
447 148
448 48
449 448
450 60
451 40
452 112
453 150
454 226
455 12
456 18
457 456
458 228
459 144
460 44
461 460
462 30
463 462
464 28
465 60
466 232
467 466
468 12
469 66
470 92
471 156
472 58
473 210
474 78
475 180
476 48
477 156
478 238
479 478
480 8
481 36
482 240
483 66
484 110
485 96
486 162
487 486
488 60
489 162
490 84
491 490
492 40
493 112
494 36
495 60
496 60
497 210
498 82
499 498
500 100
501 166
502 250
503 502
504 6
505 100
506 110
507 156
508 126
509 508
510 16
511 72
512 128
513 18
514 256
515 204
516 42
517 230
518 36
519 172
520 12
521 520
522 84
523 522
524 130
525 60
526 262
527 240
528 20
529 506
530 52
531 174
532 18
533 120
534 88
535 212
536 66
537 178
538 268
539 210
540 36
541 540
542 270
543 180
544 16
545 108
546 12
547 546
548 136
549 60
550 20
551 252
552 22
553 78
554 276
555 36
556 138
557 556
558 30
559 84
560 12
561 80
562 280
563 562
564 46
565 112
566 282
567 54
568 70
569 568
570 36
571 570
572 60
573 190
574 120
575 220
576 48
577 576
578 272
579 192
580 28
581 246
582 96
583 260
584 72
585 12
586 292
587 586
588 42
589 90
590 116
591 196
592 36
593 592
594 90
595 48
596 148
597 198
598 132
599 598
600 20
601 600
602 42
603 66
604 150
605 220
606 100
607 606
608 72
609 84
610 60
611 276
612 48
613 612
614 306
615 40
616 30
617 616
618 102
619 618
620 60
621 198
622 310
623 264
624 12
625 500
626 312
627 90
628 156
629 144
630 12
631 630
632 78
633 210
634 316
635 252
636 52
637 84
638 140
639 210
640 32
641 640
642 106
643 642
644 66
645 84
646 144
647 646
648 54
649 290
650 60
651 30
652 162
653 652
654 108
655 260
656 40
657 72
658 138
659 658
660 20
661 660
662 330
663 48
664 82
665 36
666 36
667 308
668 166
669 222
670 132
671 60
672 24
673 672
674 336
675 180
676 156
677 676
678 112
679 96
680 16
681 226
682 30
683 682
684 18
685 136
686 294
687 228
688 84
689 156
690 44
691 690
692 172
693 30
694 346
695 276
696 28
697 80
698 348
699 232
700 60
701 700
702 36
703 36
704 80
705 92
706 352
707 300
708 58
709 708
710 140
711 78
712 88
713 330
714 48
715 60
716 178
717 238
718 358
719 718
720 12
721 102
722 342
723 240
724 180
725 140
726 110
727 726
728 12
729 486
730 72
731 336
732 60
733 732
734 366
735 84
736 88
737 330
738 120
739 738
740 36
741 36
742 156
743 742
744 30
745 148
746 372
747 246
748 80
749 318
750 100
751 750
752 92
753 250
754 84
755 300
756 18
757 756
758 378
759 110
760 36
761 760
762 126
763 108
764 190
765 48
766 382
767 348
768 64
769 768
770 60
771 256
772 192
773 772
774 42
775 60
776 96
777 36
778 388
779 360
780 12
781 70
782 176
783 252
784 84
785 156
786 130
787 786
788 196
789 262
790 156
791 336
792 30
793 60
794 396
795 52
796 198
797 796
798 18
799 368
800 40
801 264
802 400
803 360
804 66
805 132
806 60
807 268
808 100
809 808
810 108
811 810
812 84
813 270
814 180
815 324
816 16
817 126
818 408
819 12
820 40
821 820
822 136
823 822
824 102
825 20
826 174
827 826
828 66
829 828
830 164
831 276
832 48
833 336
834 138
835 332
836 90
837 90
838 418
839 838
840 12
841 812
842 420
843 280
844 210
845 156
846 138
847 330
848 52
849 282
850 80
851 396
852 70
853 852
854 60
855 36
856 106
857 856
858 60
859 858
860 84
861 120
862 430
863 862
864 72
865 172
866 432
867 272
868 30
869 390
870 28
871 132
872 108
873 96
874 198
875 300
876 72
877 876
878 438
879 292
880 20
881 880
882 42
883 882
884 48
885 116
886 442
887 886
888 36
889 126
890 88
891 270
892 222
893 414
894 148
895 356
896 96
897 132
898 448
899 420
900 60
901 208
902 40
903 42
904 112
905 180
906 150
907 906
908 226
909 300
910 12
911 910
912 36
913 410
914 456
915 60
916 228
917 390
918 144
919 918
920 44
921 306
922 460
923 420
924 30
925 180
926 462
927 102
928 56
929 928
930 60
931 126
932 232
933 310
934 466
935 80
936 12
937 936
938 66
939 312
940 92
941 940
942 156
943 440
944 116
945 36
946 210
947 946
948 78
949 72
950 180
951 316
952 48
953 952
954 156
955 380
956 238
957 140
958 478
959 408
960 16
961 930
962 36
963 318
964 240
965 192
966 66
967 966
968 110
969 144
970 96
971 970
972 162
973 138
974 486
975 60
976 60
977 976
978 162
979 440
980 84
981 108
982 490
983 982
984 40
985 196
986 112
987 138
988 36
989 462
990 60
991 990
992 120
993 330
994 210
995 396
996 82
997 996
998 498
999 36
1000 100
1001 60
