4	1
8	2
16	4
32	5
64	7
128	8
256	10
512	11
1024	12
2048	14
4096	15
8192	17
16384	18
32768	20
65536	21
131072	23
262144	23
524288	24
1048576	25
2097152	27
4194304	28
8388608	30
16777216	31
33554432	33
67108864	34
134217728	36
268435456	37
536870912	38
1073741824	40
2147483648	41
4294967296	43
8589934592	44
17179869184	46
34359738368	47
68719476736	47
137438953472	49
274877906944	50
549755813888	51
1099511627776	53
2199023255552	54
4398046511104	56
8796093022208	57
17592186044416	59
35184372088832	60
70368744177664	62
140737488355328	63
281474976710656	64
562949953421312	66
1125899906842624	67
2251799813685248	69
4503599627370496	70
9007199254740992	70
18014398509481984	72
36028797018963968	73
72057594037927936	75
144115188075855872	76
288230376151711744	77
576460752303423488	79
1152921504606846976	80
2305843009213693952	82
4611686018427387904	83
