47.13 46.47 46.25 46.88 45.31
49.83 48.96 47.93 47.87 48.28
56.56 56.29 56.97 55.98 57.81
55.17 55.58 54.89 55.67 54.4
46.12 47.08 46.7 48.55 46.25
56.9 54.93 58.0 56.44 55.99
52.48 53.55 54.78 56.92 53.93
58.69 57.67 59.07 57.85 60.13
59.69 60.03 60.64 60.3 59
69.31 68.26 67.65 70.7 68.72
58.21 57.85 59.33 57.71 57.85
55.6 56.36 55.98 56.63 56.48
57.37 55.21 57.43 54.68 56.55
55.04 57.52 53.66 54.92 56.69
55.51 57.9 55.66 57.23 56.61
56.71 53.69 55.15 54 56.08
49.17 50.41 50.72 48.3 50.17
51.03 50.74 49.7 50.45 50.74
63.28 61.31 61.48 60.27 63.78
52.29 50.35 48.75 51.01 50.3
49.6 51.09 49.98 48.65 48.96
56.44 57.33 56.17 58.25 60.01
46.72 46.66 47.44 47.44 46.62
52.43 51.6 50.92 50.8 50.97
51.16 51.7 51.23 52.25 52.18
52.2 49.27 49.61 49.53 49.87
44.7 43.89 43.23 44.99 43.63
53.82 56.02 56.36 56.84 55.58
47.52 48.05 47.28 47.67 47.56
52.59 52.03 53.03 54.96 52.73
52.75 52.21 54.55 54.04 52.39
75.74 73.96 74.77 74.55 76.74
47.38 45.83 47.67 48.62 45.91
55.94 57.67 55.79 54.3 57.41
53.6 53.86 53.73 53.31 54.3
53.32 55.1 54.53 54.19 55.11
60.32 60.65 59.1 61.26 61.58
52.54 51.57 55.23 52.01 53.63
50.97 50.12 51.14 49.72 50.15
52.2 51.98 50.89 53.5 52.02
56.63 56.96 58.75 57.9 58.24
56.52 56.01 56.91 56.81 57.18
56.06 57.55 56.59 56.41 57.26
49.11 50.37 49.68 48.74 49.08
55.71 56.95 58.88 57.2 56.92
58.16 57.97 56.24 58.91 57.08
52.64 53.48 53.93 51.92 53.15
53.57 53.94 55.01 53.8 54.07
56.89 58.41 58.82 58.82 57.94
48.78 49.03 50.35 53.51 49.94
50.15 49.14 50.41 50.18 48.39
55.06 54.79 55.1 55.68 53.62
52.14 51.02 54.49 52.35 53.54
46.82 47.59 48.03 47.9 47.97
56.2 58.05 56.25 56.66 56.19
50.6 50.8 51.31 50.27 49.67
49.97 50.04 48.26 48.67 49.18
51.79 51.17 51.97 50.95 52.2
57.37 55.91 55.71 56.7 57.07
53.41 54.08 54.08 54.06 53.92
60.25 60.44 59.8 63.74 61.67
53.17 54.38 54.13 54.04 54.42
58.89 57.71 58.13 59.73 58.47
54.21 54.15 55.03 54.33 53.72
44.8 45.19 45.62 46.22 44.52
52.12 52.82 52.83 53.11 52.64
49.34 48.58 49.8 50.19 50.16
48.29 48.19 49.23 48.19 48.3
49.12 50.33 49.02 49.86 49.13
56.06 54.17 53.57 55.48 53.15
39.51 39.61 39.94 38.77 39.19
61.07 63.09 60.33 61.02 62.33
59.23 56.76 58.03 57.42 57.7
52.85 56.77 56.49 54.4 53.88
51.59 52.42 53.63 52.46 54.44
51.5 49.1 50.13 50.62 49.77
54.99 55.46 56.98 55.95 55.23
62.76 61.92 60.78 60.81 63.67
61.63 59.82 59.56 58.37 58.9
51.45 51.44 53.2 52.15 51.31
50.67 52.52 52.03 52.18 51.87
57.16 58.72 57.73 57.5 56.25
57.45 56.46 55.49 58.46 58.83
62.12 60.82 59.63 60.36 59.5
58.98 59.66 59.43 60.95 59.25
50.93 51.7 50.43 51.28 51.73
41.83 42.65 44.93 41 42.03
50.16 50.27 52.32 52.17 50.91
56.95 56.53 56.05 56.78 55.33
49.04 49.49 49.86 49.02 49.99
