     1	46.408
     2	48.574
     3	56.722
     4	55.142
     5	46.94
     6	56.452
     7	54.332
     8	58.682
     9	59.932
    10	68.928
    11	58.19
    12	56.21
    13	56.248
    14	55.566
    15	56.582
    16	55.126
    17	49.754
    18	50.532
    19	62.024
    20	50.54
    21	49.656
    22	57.64
    23	46.976
    24	51.344
    25	51.704
    26	50.096
    27	44.088
    28	55.724
    29	47.616
    30	53.068
    31	53.188
    32	75.152
    33	47.082
    34	56.222
    35	53.76
    36	54.45
    37	60.582
    38	52.996
    39	50.42
    40	52.118
    41	57.696
    42	56.686
    43	56.774
    44	49.396
    45	57.132
    46	57.672
    47	53.024
    48	54.078
    49	58.176
    50	50.322
    51	49.654
    52	54.85
    53	52.708
    54	47.662
    55	56.67
    56	50.53
    57	49.224
    58	51.616
    59	56.552
    60	53.91
    61	61.18
    62	54.028
    63	58.586
    64	54.288
    65	45.27
    66	52.704
    67	49.614
    68	48.44
    69	49.492
    70	54.486
    71	39.404
    72	61.568
    73	57.828
    74	54.878
    75	52.908
    76	50.224
    77	55.722
    78	61.988
    79	59.656
    80	51.91
    81	51.854
    82	57.472
    83	57.338
    84	60.486
    85	59.654
    86	51.214
    87	42.488
    88	51.166
    89	56.328
    90	49.48
